-6.686604071463509991e-01 -6.575369722330959288e-01 -3.724202744404798704e+00
-1.730272392541866378e+00 -6.720639798787245711e-01 -1.696986754734477021e+00
-8.193201975898438405e-02 -1.913290639786238423e-01 3.179944331515562883e+00
-7.372143874516874362e-01 -4.415831723978326795e-01 -6.732854055111747726e-01
-2.730485324701025895e+00 -1.532983202533379163e+00 -2.285973057170040068e+00
5.303403414893355372e-02 1.493973067968116686e+00 9.991941351253552650e-01
4.312345860167496325e-01 -6.042371540655503415e-01 4.474996312728919956e-01
9.346397441882180190e-02 1.028105213160596998e+00 9.272481359163118331e-01
2.465515171994669963e-01 3.003316270645711161e-01 2.037654379693511209e-01
7.049459678749350755e-02 4.243708910690326824e-02 1.141752479555128152e-01
-6.415581676411200585e-01 5.332699893960698434e-01 -2.402255304938000213e-02
5.973504169387406915e-01 5.089250656328009326e-01 9.025431687153011584e-01
5.977335714835939617e-01 1.944220047318772071e-01 5.509892785800467596e-01
-3.637536625392273071e-01 -1.961920062895882930e-02 1.831566673814851720e+00
7.474182045934093521e-01 2.490562124947707789e-01 7.627628465514137979e-01
1.251588932745113958e+00 -4.221658831896736852e-01 4.353237810683241449e-01
8.873040730773253948e-01 -5.090070788756705378e-01 -3.211541969813372366e-02
7.566123766199415179e-01 1.857381729215261679e-01 -5.144919163137473550e-01
8.857243627687437781e-01 -4.517792690051579130e-01 -5.459589995062670287e-01
1.993270266008207933e-02 1.142706033879319794e+00 -1.984117277330295359e-01
3.154330123218474502e-01 -1.766594995698854975e-01 -6.595640903638751995e-01
